Anoura_caudifer	88.0103	-243.481	-70.683	-400.764	-16.8293	569.115	-521.625	12.8724	198.107	555.822	0	0	1.12406	5.44576	245.015	-1.9465	0	0	0	0	0.853375	0	363
Artibeus_jamaicensis	73.4347	-240.249	-73.1678	-399.092	-17.3318	567.783	-518.22	15.9736	193.406	537.167	0	0	1.12406	7.46519	248.066	-1.88526	0	0	0	0	0.460882	0	363
Eidolon_helvum	61.6909	-252.019	-79.47	-399.141	-19.2508	567.679	-517.5	14.9918	197.202	544.082	0	0	1.12406	5.30554	250.681	-2.10654	0	0	0	0	0.793535	0	363
Eonycteris_spelaea	92.3725	-233.699	-68.4533	-380.38	-13.9778	546.278	-491.368	16.9177	184.766	527.782	0	0	1.12406	4.88695	245.104	-2.13158	0	0	0	0	0.627738	0	353
Macrotus_californicus	39.7355	-272.793	-78.7417	-419.118	-24.9379	597.765	-541.33	35.1011	205.86	534.814	0	0	1.12406	3.91642	253.369	-2.62381	0	0	0	0	0.700611	0	364
Micronycteris_hirsuta	40.6111	-268.64	-76.9619	-417.357	-25.1443	595.625	-539.725	34.9206	204.274	531.125	0	0	1.12406	3.24032	251.846	-2.64908	0	0	0	0	0.7783	0	364
Miniopterus_schreibersii	61.6909	-252.019	-79.47	-399.141	-19.2508	567.679	-517.5	14.9918	197.202	544.082	0	0	1.12406	5.30554	250.681	-2.10654	0	0	0	0	0.793535	0	363
Pteropus_alecto	74.8681	-254.558	-86.4011	-398.734	-22.4524	571.743	-516.781	14.1131	203.826	559.617	0	0	1.12406	5.05123	247.15	-2.4826	0	0	0	0	0.802609	0	363
Phyllostomus_discolor	86.4994	-244.484	-69.569	-399.883	-17.2504	565.695	-520.886	13.1042	197.27	556.923	0	0	1.12406	5.55871	245.879	-1.66768	0	0	0	0	0.563835	0	363
Pteropus_giganteus	72.6643	-254.51	-83.9552	-398.666	-22.3284	569.597	-517.346	13.3111	202.192	559.976	0	0	1.12406	4.9487	247.129	-2.48109	0	0	0	0	0.802653	0	363
Pteropus_vampyrus	72.6643	-254.51	-83.9552	-398.666	-22.3284	569.597	-517.346	13.3111	202.192	559.976	0	0	1.12406	4.9487	247.129	-2.48109	0	0	0	0	0.802653	0	363
Rousettus_aegyptiacus	60.3772	-252.264	-77.0434	-398.435	-19.014	564.124	-517.349	16.748	195.582	542.903	0	0	1.12406	5.35564	250.669	-2.09846	0	0	0	0	0.74479	0	362
Rousettus_leschenaultii	62.0991	-252.303	-78.9042	-399.515	-19.2132	567.637	-518.224	16.7853	196.638	544.076	0	0	1.12406	5.35678	250.735	-2.10384	0	0	0	0	0.74479	0	363
Sturnira_hondurensis	76.734	-242.757	-73.2268	-401.416	-17.3582	571.148	-521.027	15.9608	194.111	544.132	0	0	1.12406	7.46911	249.091	-1.88779	0	0	0	0	0.460886	0	363
Tonatia_saurophila	37.7205	-270.092	-75.4459	-417.667	-25.0852	595.512	-539.983	35.1899	202.715	529.456	0	0	1.12406	3.91566	251.59	-2.61701	0	0	0	0	0.697523	0	364
Craseonycteris_thonglongyai	38.7253	-271.158	-78.827	-423.645	-26.269	603.568	-546.919	36.7701	207.742	534.531	0	0	1.12406	3.75383	253.679	-2.76099	0	0	0	0	0.815173	0	364
Desmodus_rotundus	44.7002	-268.097	-76.8463	-416.024	-26.1858	594.052	-536.96	36.784	202.993	531.928	0	0	1.12406	3.8971	252.398	-2.68082	0	0	0	0	0.715579	0	364
Hipposideros_galeritus	38.7261	-271.18	-72.7847	-418.781	-26.122	593.873	-541.435	32.8408	203.33	535.957	0	0	1.12406	4.02151	252.375	-2.95159	0	0	0	0	0.832924	0	364
Megaderma_lyra	45.3568	-268.474	-79.5046	-421.561	-26.9035	603.392	-543.829	38.152	206.755	534.22	0	0	1.12406	3.79135	254.415	-2.81915	0	0	0	0	1.01423	0	364
Mormoops_blainvillei	34.7083	-271.403	-76.9341	-418.145	-24.9629	597.159	-539.21	33.5238	200.813	530.161	0	0	1.12406	3.8213	253.235	-1.93585	0	0	0	0	0.696659	0	364
Pteropus_alecto	39.6876	-270.611	-75.3303	-417.115	-25.5033	595.109	-539.039	35.1442	203.592	530.327	0	0	1.12406	3.78732	251.134	-2.52806	0	0	0	0	0.730996	0	364
Rhinolophus_ferrumequinum	41.523	-272.612	-76.1461	-421.059	-26.4065	600.09	-542.416	33.7851	206.939	535.805	0	0	1.12406	3.94512	253.053	-2.32053	0	0	0	0	0.794563	0	364
eptesicus_fuscus	31.5417	-272.92	-75.302	-419.722	-26.2161	597.899	-542.892	29.8415	203.573	533.641	0	0	1.12406	3.84076	254.772	-2.03199	0	0	0	0	0.706358	0	364
lasiurus_borealis	38.1848	-267.978	-74.835	-415.511	-25.5677	591.624	-538.401	31.0682	201.731	532.395	0	0	1.12406	3.86597	252.233	-2.05924	0	0	0	0	0.729493	0	364
miniopterus_natalensis	36.2246	-269.946	-74.0133	-419.341	-26.8944	596.11	-543.466	35.0642	202.359	533.359	0	0	1.12406	3.7298	252.012	-2.59195	0	0	0	0	0.731421	0	364
miniopterus_schreibersii	38.1776	-267.783	-72.8549	-418.666	-25.5068	596.105	-542.44	32.5208	202.405	530.809	0	0	1.12406	3.5856	252.461	-2.03071	0	0	0	0	0.908948	0	364
molossus_molossus	43.3485	-267.259	-75.1358	-415.443	-26.2048	593.433	-535.671	32.7404	202.723	531.516	0	0	1.12406	3.25578	253.727	-2.43666	0	0	0	0	0.706236	0	364
murina_aurata_feae	37.0699	-270.484	-81.7506	-420.635	-26.8125	600.725	-542.968	35.7262	205.447	534.059	0	0	1.12406	4.43142	256.257	-2.45352	0	0	0	0	0.660679	0	364
myotis_brandtii	43.1494	-268.273	-77.1617	-417.129	-24.8219	593.245	-539.769	34.9159	202.774	535.894	0	0	1.12406	3.54205	253.619	-1.88749	0	0	0	0	0.696739	0	364
myotis_davidii	38.8905	-267.079	-78.7249	-420.016	-25.5268	598.866	-543.683	33.3851	204.542	533.609	0	0	1.12406	3.65241	256.572	-1.93627	0	0	0	0	0.677993	0	364
myotis_lucifugus	40.4599	-269.529	-75.6128	-419.41	-25.6893	596.245	-542.112	34.4075	204.035	534.338	0	0	1.12406	3.83686	254.526	-1.90093	0	0	0	0	0.72762	0	364
myotis_myotis	36.4025	-269.853	-77.1989	-418.602	-26.3172	594.866	-541.026	33.1868	202.846	534.858	0	0	1.12406	3.7023	254.574	-1.90795	0	0	0	0	0.724869	0	364
pipistrellus_kuhlii_and_pipistrellus_pipistrellus	37.0372	-270.604	-76.6746	-419.758	-26.6452	597.7	-542.994	31.6554	204.349	536.892	0	0	1.12406	3.2282	254.599	-1.93789	0	0	0	0	0.702323	0	364
tadarida_brasiliensis	42.4837	-267.489	-77.4865	-419.271	-26.2564	597.106	-542.292	35.7356	204.159	533.955	0	0	1.12406	4.39045	256.503	-1.91811	0	0	0	0	0.725206	0	364
